-2.17415 0.469939
-2.17415 0.469939
-2.17433 0.469077
-2.17429 0.469276
-2.17429 0.469276
-2.17227 0.469047
-2.17227 0.469047
-2.17222 0.469246
-2.17222 0.469246
-2.17199 0.470309
-2.17199 0.470309
-2.17199 0.470309
-2.17199 0.470309
-2.17199 0.470309
-2.17199 0.470309
-2.17176 0.47137
-2.17199 0.470309
-2.17199 0.470309
-2.17199 0.470309
-2.17227 0.469047
-2.17249 0.467985
-2.17429 0.469276
-2.17254 0.467786
-2.17254 0.467786
-2.17475 0.46715
-2.17299 0.465662
-2.17304 0.465464
-2.17304 0.465464
-2.17304 0.465464
-2.17308 0.465267
-2.17308 0.465267
-2.17326 0.464402
-2.17299 0.465662
-2.17299 0.465662
-2.17318 0.464797
-2.17026 0.459027
-2.1594 0.430808
-2.12338 0.3249
-2.06457 0.165565
-1.9933 -0.0344483
-1.9289 -0.215608
-1.85994 -0.404445
-1.81462 -0.533907
-1.76041 -0.67216
-1.69015 -0.854578
-1.65318 -0.957596
-1.61743 -1.05594
-1.55113 -1.22325
-1.49433 -1.37645
-1.44626 -1.50675
-1.40003 -1.62917
-1.32749 -1.82475
-1.25583 -2.02055
-1.16487 -2.26538
-1.02936 -2.62474
-0.938891 -2.86407
-0.850292 -3.09921
-0.759573 -3.34157
-0.626609 -3.69195
-0.533902 -3.93758
-0.449001 -4.15719
-0.336964 -4.44709
-0.241336 -4.68314
-0.143839 -4.92895
-0.00868738 -5.26087
0.0830337 -5.49239
0.167006 -5.69275
0.243276 -5.88083
0.344602 -6.11919
0.418002 -6.29544
0.490385 -6.46753
0.584985 -6.68321
0.654477 -6.84209
0.72005 -6.99708
0.810863 -7.19681
0.879427 -7.34379
0.945159 -7.49904
1.0194 -7.66064
1.12277 -7.88581
1.19906 -8.04833
1.27042 -8.19341
1.36321 -8.38094
1.43069 -8.51486
1.49645 -8.64232
1.57647 -8.79515
1.63343 -8.90853
1.70295 -9.03872
1.82464 -9.26247
1.93654 -9.4533
2.05042 -9.64658
2.17013 -9.84674
2.33902 -10.1267
2.45982 -10.3196
2.56793 -10.4897
2.69919 -10.6919
2.78804 -10.8255
2.86528 -10.9445
2.96853 -11.0922
3.05444 -11.2145
3.15789 -11.3585
3.26884 -11.5039
3.38182 -11.6575
3.45029 -11.7484
3.51897 -11.8389
3.64058 -11.9944
3.75433 -12.1351
3.86065 -12.2601
3.95128 -12.3609
4.06226 -12.4897
4.14539 -12.5779
4.25163 -12.6881
4.42144 -12.8658
4.53548 -12.9817
4.6328 -13.0768
4.72363 -13.166
4.8609 -13.2988
4.98528 -13.4163
5.11566 -13.531
5.25668 -13.6601
5.35412 -13.7467
5.45631 -13.8308
5.55675 -13.9121
5.62538 -13.9635
5.70939 -14.018
5.82629 -14.0983
6.0559 -14.2658
6.29232 -14.3979
6.51731 -14.5248
6.77322 -14.6584
6.94894 -14.744
7.13328 -14.8284
7.35239 -14.9229
7.50306 -14.983
7.66039 -15.0453
7.84384 -15.112
8.16627 -15.2232
8.47708 -15.3176
8.81794 -15.4111
9.31997 -15.5302
9.69661 -15.6038
10.043 -15.6635
10.3569 -15.7148
10.7371 -15.7658
11.0228 -15.7935
11.325 -15.8191
11.7865 -15.8392
12.1196 -15.8481
12.4325 -15.8471
12.805 -15.8337
13.0762 -15.8147
13.3668 -15.7914
13.8101 -15.7537
14.1297 -15.726
14.4242 -15.6982
14.7822 -15.6648
15.036 -15.639
15.2979 -15.6137
15.6704 -15.5724
15.9571 -15.5379
16.217 -15.5081
16.5286 -15.4679
16.7342 -15.4423
16.9167 -15.419
17.1717 -15.3879
17.3801 -15.36
17.5655 -15.3356
17.7653 -15.3056
17.8975 -15.2844
18.0474 -15.2579
18.2923 -15.2065
18.4661 -15.1654
18.6226 -15.1299
18.7867 -15.0854
19.0571 -15.0098
19.2618 -14.9498
19.4363 -14.8963
19.6682 -14.8198
19.8709 -14.7508
20.0852 -14.6718
20.339 -14.5761
20.5071 -14.5117
20.6461 -14.4561
20.8102 -14.3893
20.9358 -14.336
21.0525 -14.287
21.1982 -14.2247
21.3257 -14.1725
21.4646 -14.1146
21.6201 -14.0535
21.7428 -14.0058
21.8981 -13.9445
22.1551 -13.8479
22.3286 -13.7844
22.4774 -13.7255
22.6348 -13.6633
22.8743 -13.5699
23.0335 -13.5109
23.1735 -13.4553
23.384 -13.3742
23.5838 -13.3019
23.7943 -13.2341
24.0287 -13.1572
24.1669 -13.1151
24.2904 -13.0772
24.4761 -13.0251
24.6236 -12.9861
24.7422 -12.9527
24.8862 -12.9172
25.0105 -12.8882
25.1324 -12.8605
25.2307 -12.8382
25.3619 -12.8092
25.4865 -12.7815
25.6534 -12.7436
25.949 -12.6725
26.1806 -12.6213
26.4048 -12.5692
26.7272 -12.4969
27.0042 -12.439
27.2977 -12.3767
27.6645 -12.3
27.907 -12.2534
28.1308 -12.2077
28.434 -12.15
28.6684 -12.1065
28.8762 -12.071
29.1203 -12.0309
29.3029 -12.0009
29.5007 -11.9676
29.8098 -11.9231
30.0772 -11.8853
30.3397 -11.8497
30.6507 -11.8064
30.8464 -11.7785
31.0194 -11.7563
31.2636 -11.7252
31.4375 -11.7019
31.6074 -11.6796
31.8729 -11.6496
32.1372 -11.6206
32.4212 -11.5907
32.7677 -11.5539
33.0253 -11.5294
33.3093 -11.5039
33.7573 -11.4806
34.0798 -11.4539
34.3751 -11.4483
34.74 -11.4405
35.0296 -11.4416
35.3038 -11.4483
35.5743 -11.4561
35.9411 -11.4806
36.1949 -11.5028
36.4411 -11.5172
36.7944 -11.5562
37.0869 -11.5906
37.3698 -11.6273
37.7337 -11.6718
38.0224 -11.7107
38.3371 -11.7541
38.733 -11.8041
39.0188 -11.8386
39.3218 -11.8753
39.7688 -11.9297
40.1097 -11.9654
40.4312 -12.0032
40.8539 -12.0476
41.1811 -12.0798
41.5355 -12.1143
41.9216 -12.1566
42.4593 -12.2066
42.8282 -12.2388
43.1699 -12.2655
43.5918 -12.2978
43.8911 -12.32
44.1729 -12.3434
44.5148 -12.3689
44.7542 -12.3901
45.0061 -12.4079
45.2947 -12.4323
45.7321 -12.4634
46.045 -12.4857
46.3364 -12.5035
46.6937 -12.5291
46.936 -12.5424
47.1542 -12.5569
47.3665 -12.5691
47.6532 -12.5891
47.8695 -12.6035
48.0888 -12.6169
48.3985 -12.6369
48.6235 -12.6514
48.8272 -12.6647
49.0657 -12.6792
49.2221 -12.6903
49.359 -12.6991
49.4847 -12.7069
49.638 -12.7147
49.7578 -12.7225
49.8929 -12.7303
50.1121 -12.7436
50.2996 -12.7548
50.5041 -12.767
50.7889 -12.7837
50.9791 -12.7948
51.1539 -12.8026
51.3267 -12.8081
51.5854 -12.8215
51.818 -12.8337
52.0873 -12.8492
52.515 -12.8748
52.8327 -12.8948
53.1194 -12.9115
53.4591 -12.9315
53.6822 -12.9438
53.8898 -12.956
54.1118 -12.9682
54.4691 -12.9949
54.7818 -13.0216
55.1391 -13.0505
55.6605 -13.0995
56.0475 -13.1395
56.4114 -13.1728
56.8527 -13.2251
57.1509 -13.2606
57.427 -13.2951
57.679 -13.3285
57.9937 -13.3696
58.2206 -13.4019
58.4464 -13.433
58.7651 -13.4752
59.0161 -13.5108
59.2797 -13.5464
59.5451 -13.5831
59.8849 -13.6298
60.1282 -13.662
60.3688 -13.6977
60.6794 -13.7421
60.9064 -13.7743
61.1304 -13.8077
61.4161 -13.8455
61.6121 -13.8722
61.8033 -13.9022
61.9886 -13.93
62.2241 -13.9678
62.3892 -13.9889
62.5523 -14.0112
62.7619 -14.0412
62.9066 -14.0612
63.0438 -14.0823
63.2272 -14.1079
63.3894 -14.129
63.5834 -14.1568
63.8672 -14.1969
64.0961 -14.2313
64.3364 -14.2669
64.6753 -14.3125
64.937 -14.347
65.1986 -14.3881
65.4727 -14.4281
65.8492 -14.4826
66.1234 -14.526
66.3995 -14.5671
66.7538 -14.6205
67.0183 -14.6605
67.2887 -14.7017
67.6487 -14.7628
67.9181 -14.8084
68.1894 -14.8518
68.5572 -14.9085
68.8439 -14.9474
69.1346 -14.9841
69.4126 -15.0197
69.7465 -15.0586
69.9599 -15.083
70.1425 -15.1008
70.377 -15.1242
70.571 -15.1431
70.8008 -15.1609
71.1725 -15.1775
71.4805 -15.1842
71.7691 -15.1831
72.1176 -15.1786
72.357 -15.1742
72.581 -15.1642
72.8629 -15.1475
73.056 -15.1364
73.2345 -15.1208
73.4161 -15.1041
73.6893 -15.0708
73.9258 -15.033
74.1913 -14.9818
74.5784 -14.894
74.8825 -14.8161
75.1992 -14.725
75.6384 -14.5793
75.9782 -14.4481
76.3209 -14.3069
76.7255 -14.1145
76.9968 -13.9699
77.2458 -13.8321
77.5548 -13.6486
77.7816 -13.5029
78.0152 -13.3495
78.3319 -13.116
78.5491 -12.9403
78.7384 -12.7702
78.9545 -12.5556
79.0994 -12.3977
79.2423 -12.2364
79.4305 -12.0085
79.5725 -11.8228
79.7182 -11.6215
79.9104 -11.3324
80.0523 -11.1045
80.1952 -10.8632
80.3834 -10.5241
80.4992 -10.2694
80.6103 -10.0226
80.7367 -9.70235
80.8188 -9.45884
80.9038 -9.20422
81.0022 -8.84395
81.0708 -8.55707
81.1364 -8.26797
81.1884 -7.9822
81.2522 -7.59859
81.2947 -7.30616
81.3343 -7.00593
81.3844 -6.60342
81.4212 -6.29987
81.4598 -5.9952
81.4955 -5.58156
81.5206 -5.26911
81.537 -4.96
81.5602 -4.54525
81.5775 -4.23168
81.5872 -3.91478
81.5939 -3.48447
81.5997 -3.16312
81.6016 -2.844
81.6017 -2.41258
81.6036 -2.08122
81.6026 -1.74653
81.5997 -1.29732
81.6016 -0.955956
81.6007 -0.609036
81.5987 -0.25322
81.5969 0.230467
81.591 0.601849
81.5872 0.984351
81.5804 1.3713
81.5756 1.75492
81.564 2.2575
81.5553 2.64001
81.5447 3.0314
81.536 3.42836
81.5196 3.94874
81.5108 4.33124
81.4993 4.70596
81.4858 5.07623
81.4712 5.54991
81.4568 5.89127
81.4433 6.22596
81.4278 6.55398
81.4134 6.8731
81.3941 7.28118
81.3756 7.57916
81.3651 7.87384
81.3254 8.53209
81.3254 8.53209
81.3081 8.8134
81.2917 9.09695
81.2743 9.39049
81.2492 9.79523
81.2299 10.111
81.2057 10.4335
81.1846 10.7459
81.1555 11.154
81.1353 11.4531
81.1131 11.7467
81.0919 12.0302
81.0619 12.3871
81.0378 12.654
81.0136 12.9231
80.9876 13.1966
80.9538 13.5791
80.9248 13.8693
80.8958 14.1673
80.8658 14.4775
80.8263 14.9045
80.7954 15.2359
80.7635 15.5594
80.7346 15.8686
80.6921 16.2755
80.6603 16.5824
80.6294 16.8893
80.5946 17.2006
80.5473 17.6209
80.5145 17.9345
80.4797 18.2403
80.4478 18.5372
80.4054 18.9119
80.3745 19.1843
80.3388 19.4567
80.305 19.7325
80.2519 20.1161
80.2094 20.4086
80.1669 20.6887
80.1235 20.9612
80.08 21.2291
80.0211 21.5794
79.9661 21.8452
79.9063 22.1176
79.8405 22.3911
79.7363 22.7625
79.6495 23.0405
79.55 23.3184
79.4399 23.6053
79.2826 23.9767
79.1542 24.2491
79.0152 24.5215
78.8636 24.7917
78.6492 25.1453
78.4871 25.3933
78.322 25.6212
78.1637 25.8347
77.9436 26.0916
77.7814 26.275
77.625 26.4441
77.4232 26.6531
77.2648 26.8065
77.0949 26.9589
76.9134 27.1134
76.6548 27.3214
76.4568 27.4737
76.2589 27.616
76.0514 27.7539
75.8398 27.8906
75.5474 28.0719
75.3137 28.2109
75.0753 28.3499
74.751 28.5278
74.4961 28.6534
74.2248 28.7735
73.9458 28.8914
73.5558 29.0559
73.2729 29.1649
72.9997 29.2716
72.7371 29.3628
72.3992 29.474
72.1569 29.5474
71.9349 29.6174
71.7302 29.6864
71.4589 29.7842
71.2359 29.8554
70.9868 29.9377
70.7108 30.0277
70.0852 30.2179
70.0852 30.2179
69.8197 30.2957
69.4316 30.4069
69.1081 30.4925
68.7809 30.567
68.4536 30.6504
68.0144 30.756
67.6698 30.8394
67.298 30.925
66.7564 31.0407
66.3066 31.1307
65.8171 31.2319
65.1307 31.362
64.5978 31.4565
64.0388 31.5499
63.4634 31.6455
62.6602 31.7723
62.0337 31.869
61.3956 31.9658
60.5403 32.0959
59.8982 32.1881
59.2534 32.2805
58.6017 32.3694
57.7261 32.4839
57.0668 32.5673
56.4015 32.644
55.7335 32.7163
54.8367 32.8064
54.1551 32.8708
53.4725 32.9242
52.7823 32.9709
51.8507 33.031
51.1488 33.0721
50.4373 33.1087
49.7268 33.1388
48.7991 33.1722
48.1175 33.1933
47.4465 33.211
46.7814 33.2255
46.1258 33.2399
45.2695 33.2577
44.641 33.2666
44.0175 33.28
43.4015 33.2888
42.5983 33.2989
42.0055 33.2977
41.4156 33.3055
40.8297 33.3
40.0544 33.2955
39.4781 33.2855
38.9065 33.2766
38.3312 33.2655
37.5647 33.2388
36.9855 33.2188
36.4013 33.1965
35.8163 33.1721
35.2255 33.1443
34.4407 33.1109
33.846 33.0831
33.2436 33.0554
32.6421 33.0131
31.838 32.9853
31.2576 32.9429
30.691 32.8985
30.1301 32.854
29.3944 32.7861
28.8452 32.7373
28.2939 32.6805
27.7408 32.6328
27.0012 32.557
26.4393 32.5037
25.8786 32.445
25.3079 32.3881
24.5462 32.3069
23.9737 32.2457
23.3936 32.1814
22.8172 32.1168
22.04 32.0289
21.455 31.96
20.8729 31.8945
20.091 31.8011
19.5021 31.7332
18.915 31.6542
18.3223 31.5797
17.5375 31.4686
16.9495 31.3762
16.3596 31.2783
15.7708 31.174
14.982 31.0227
14.3912 30.9049
13.8043 30.7814
13.2115 30.659
12.4238 30.4902
11.8348 30.3643
11.2546 30.2387
10.6879 30.1142
9.93584 29.945
9.37401 29.8328
8.84016 29.6828
8.12096 29.5183
7.60736 29.3871
7.10532 29.2669
6.62651 29.118
5.58966 28.8177
5.58966 28.8177
5.18418 28.6897
4.67734 28.5396
4.32789 28.4308
3.99386 28.3207
3.67044 28.2161
3.26306 28.0794
2.97052 27.9792
2.68576 27.8783
2.4019 27.7745
2.02927 27.6391
1.76089 27.5345
1.49733 27.4321
1.14496 27.2842
0.876576 27.163
0.601442 27.0374
0.325341 26.9042
-0.0395814 26.7184
-0.321478 26.5727
-0.609164 26.4091
-1.02042 26.1734
-1.34383 25.9844
-1.66917 25.7687
-2.01093 25.5387
-2.46658 25.2149
-2.78806 24.9525
-3.10857 24.6767
-3.41366 24.3967
-3.68588 24.1053
-4.01024 23.7349
-4.22265 23.4682
-4.4138 23.2114
-4.5818 22.959
-4.78254 22.6463
-4.92645 22.4131
-5.06353 22.164
-5.25566 21.7993
-5.40237 21.4934
-5.54528 21.1622
-5.68717 20.8118
-5.86577 20.3182
-6.00093 19.9279
-6.12644 19.5376
-6.2693 19.0139
-6.36678 18.6135
-6.44798 18.209
-6.52899 17.8252
-6.60728 17.3351
-6.64864 16.9878
-6.68051 16.6531
-6.70672 16.3288
-6.72595 16.0061
-6.74623 15.5581
-6.752 15.2066
-6.74427 14.8463
-6.69411 13.968
-6.69411 13.968
-6.66216 13.5831
-6.6051 13.0781
-6.55304 12.708
-6.47961 12.3498
-6.39763 11.9975
-6.18321 11.2245
-6.09748 10.9291
-5.98741 10.5744
-5.98741 10.5744
-5.90634 10.3365
-5.84248 10.1261
-5.78479 9.953
-5.72662 9.77912
-5.70763 9.71629
-5.70763 9.71629
-5.70931 9.71809
-5.71043 9.71835
-5.71107 9.71891
-5.71232 9.72049
-5.71407 9.72131
-5.7142 9.72263
-5.71504 9.72353
-5.71616 9.7238
-5.71792 9.72462
-5.71892 9.72356
-5.71984 9.72349
-5.72088 9.72473
-5.72196 9.7227
-5.72288 9.72262
-5.72392 9.72386
-5.72472 9.72247
-5.72676 9.72266
-5.7288 9.72284
-5.72768 9.72258
-5.73064 9.72269
-5.73144 9.72129
-5.73232 9.71892
-5.73528 9.71903
-5.73619 9.71895
-5.73628 9.71797
-5.7384 9.71718
-5.7384 9.71718
-5.73932 9.7171
-5.74023 9.71703
-5.74023 9.71703
-5.74023 9.71703
-5.74148 9.71861
-5.74023 9.71703
-5.74023 9.71703
-5.74136 9.71729
-5.74032 9.71605
-5.74144 9.71632
-5.74236 9.71624
-5.74131 9.715
