-2.34838 -3.10835
-2.34838 -3.10835
-2.34838 -3.10835
-2.34838 -3.10835
-2.34854 -3.10968
-2.34854 -3.10968
-2.34854 -3.10968
-2.34985 -3.11013
-2.35031 -3.10834
-2.35031 -3.10834
-2.35014 -3.10702
-2.35068 -3.10661
-2.35068 -3.10661
-2.35068 -3.10661
-2.34694 -3.11233
-2.33231 -3.13771
-2.29435 -3.19955
-2.22775 -3.32039
-2.08186 -3.60507
-1.93412 -3.91065
-1.75416 -4.28207
-1.46069 -4.88814
-1.19605 -5.43136
-0.891863 -6.06216
-0.418995 -7.03308
0.00386157 -7.84564
0.474991 -8.70437
0.973072 -9.54866
1.64695 -10.5964
2.16442 -11.3226
2.67699 -12.004
3.37496 -12.8223
3.90311 -13.3797
4.44374 -13.869
4.96599 -14.3203
5.65237 -14.8384
6.15632 -15.1687
6.64592 -15.4526
7.25981 -15.7514
7.69819 -15.9395
8.13733 -16.1005
8.55831 -16.2285
9.08433 -16.3484
9.43968 -16.403
9.76982 -16.4352
10.2061 -16.4607
10.5469 -16.4618
10.8733 -16.4542
11.2613 -16.4252
11.5192 -16.3975
11.7537 -16.3685
11.9709 -16.3363
12.2587 -16.2864
12.502 -16.2408
12.7858 -16.1807
13.2502 -16.0796
13.6248 -15.9973
13.9761 -15.9171
14.4202 -15.8126
14.7601 -15.7338
15.1123 -15.649
15.5921 -15.5367
15.9494 -15.458
16.3084 -15.38
16.7825 -15.2777
17.1136 -15.2032
17.4236 -15.1366
17.8183 -15.0541
18.1158 -14.9932
18.4209 -14.932
18.8446 -14.8519
19.1412 -14.7953
19.4084 -14.7474
19.729 -14.684
19.9354 -14.6405
20.119 -14.5995
20.371 -14.5406
20.5891 -14.4816
20.816 -14.4082
21.0138 -14.3404
21.4378 -14.177
21.4378 -14.177
21.7166 -14.0535
21.9339 -13.9457
22.1278 -13.8511
22.295 -13.7656
22.4929 -13.6632
22.6503 -13.5754
22.8983 -13.4431
23.1049 -13.3319
23.3136 -13.2152
23.5644 -13.0806
23.7201 -12.9984
23.8513 -12.9261
23.9632 -12.8716
24.1011 -12.8014
24.216 -12.7436
24.3561 -12.6748
24.557 -12.578
24.6834 -12.5202
24.7936 -12.4713
24.9411 -12.409
25.0706 -12.3557
25.2279 -12.2978
25.4441 -12.2255
25.5802 -12.1822
25.6943 -12.1466
25.7811 -12.1199
25.8852 -12.0887
25.976 -12.0665
26.087 -12.0376
26.285 -11.992
26.4655 -11.9509
26.6692 -11.9075
26.9646 -11.8486
27.2079 -11.803
27.4684 -11.7551
27.8538 -11.6863
28.1599 -11.6407
28.4427 -11.5995
28.7748 -11.5573
28.9949 -11.535
29.2131 -11.5139
29.5267 -11.4861
29.7943 -11.465
30.0934 -11.4416
30.5414 -11.4171
30.9141 -11.3983
31.3225 -11.3805
31.9182 -11.3516
32.3632 -11.3293
32.8034 -11.3115
33.4068 -11.2815
33.8807 -11.2726
34.3383 -11.2492
34.9051 -11.2415
35.3144 -11.2348
35.7238 -11.2393
36.1485 -11.2693
36.7914 -11.3026
37.3042 -11.3638
37.7915 -11.416
38.4115 -11.5083
38.8855 -11.5884
39.3904 -11.6818
40.1308 -11.8008
40.7593 -11.8931
41.4572 -11.9931
42.5115 -12.1354
43.3842 -12.2266
44.3487 -12.3278
45.7901 -12.489
47.0026 -12.618
48.3369 -12.7648
49.7954 -12.9315
51.8981 -13.2029
53.5364 -13.4497
55.1584 -13.721
57.2571 -14.1157
58.7979 -14.4148
60.3059 -14.7095
61.7801 -15.0008
63.6963 -15.3833
65.0953 -15.6746
66.4555 -15.9426
68.2406 -16.225
69.5458 -16.364
70.823 -16.4307
72.4835 -16.3717
73.6768 -16.1949
74.8217 -15.9369
75.9088 -15.5656
77.2381 -14.9095
78.1437 -14.3091
78.9817 -13.593
80.0059 -12.4755
80.699 -11.4814
81.3101 -10.345
81.9734 -8.6449
82.3527 -7.31504
82.6473 -5.97073
82.8548 -4.60639
83.0382 -2.70278
83.1134 -1.22169
83.1367 0.269396
83.0893 2.23083
83.0179 3.67856
82.9146 5.11182
82.8025 6.53397
82.65 8.4109
82.5303 9.80525
82.4126 11.1874
82.2899 12.5595
82.1199 14.3363
81.9867 15.6184
81.8583 16.8515
81.7319 18.0313
81.6082 19.1621
81.4499 20.6042
81.335 21.6317
81.2298 22.6224
81.1197 23.5775
80.9575 24.7873
80.803 25.6468
80.6148 26.4808
80.3928 27.278
80.0066 28.2632
79.6378 28.9481
79.1918 29.5864
78.6628 30.1612
77.8209 30.8362
77.0746 31.2386
76.2608 31.5188
75.4267 31.6934
74.5646 31.7768
73.3559 31.7835
72.3645 31.769
71.2861 31.7557
69.672 31.7512
68.3349 31.7667
66.8771 31.8624
65.2871 31.9825
62.9585 32.187
61.0558 32.3505
59.0439 32.495
56.9345 32.624
53.9784 32.7885
51.6586 32.9008
49.2595 33.0098
46.7842 33.1009
43.3513 33.1921
40.6936 33.2188
37.9537 33.1954
35.1453 33.122
31.306 32.9063
25.3601 32.3526
25.3601 32.3526
22.3307 31.9767
18.3088 31.384
15.3711 30.878
12.5773 30.3468
9.98317 29.785
7.65751 29.209
5.0027 28.4697
3.34994 27.9137
1.96845 27.3666
0.70185 26.753
-0.815766 25.8267
-1.82268 25.0817
-2.71854 24.2997
-3.51405 23.5005
-4.19657 22.6864
-4.97469 21.5868
-5.46321 20.7485
-5.87053 19.9054
-6.23363 19.0585
-6.59268 17.9163
-6.81769 17.0725
-6.96535 16.2351
-7.07928 15.4023
-7.15842 14.5951
-7.19404 13.5497
-7.20277 12.7859
-7.19409 12.0375
-7.15739 11.0301
-7.10137 10.2595
-7.04346 9.51904
-6.97582 8.80399
-6.83633 7.91726
-6.73526 7.30829
-6.61544 6.76892
-6.52706 6.29347
-6.40519 5.76732
-6.33337 5.45122
-6.2847 5.20264
-6.22595 4.99816
-6.21477 4.93322
-6.20969 4.93413
-6.2112 4.93679
-6.20811 4.93885
-6.20439 4.93897
-6.20546 4.94127
-6.20265 4.94023
-6.20322 4.9377
-6.20104 4.93861
-6.2025 4.93678
-6.20433 4.93447
-6.20231 4.93885
-6.20332 4.93666
-6.20178 4.93586
-6.20061 4.93459
-6.20115 4.93391
-6.20118 4.93205
-6.19755 4.93112
-6.19693 4.92917
-6.19702 4.92813
-6.19585 4.92686
-6.19469 4.92558
-6.19396 4.92466
-6.19361 4.92327
