15.5834 -15.4689 
15.8827 -15.4167 
16.2795 -15.3411 
16.5721 -15.2833 
16.8599 -15.2279 
17.2371 -15.1465 
17.523 -15.0855 
17.8195 -15.0177 
18.2152 -14.9342 
18.5086 -14.8763 
18.7972 -14.8151 
19.1574 -14.7429 
19.3998 -14.6951 
19.6209 -14.6496 
19.868 -14.6006 
20.0234 -14.5695 
20.1567 -14.5428 
20.3217 -14.5117 
20.4656 -14.4839 
20.6382 -14.4471 
20.8479 -14.4049 
20.9926 -14.3771 
21.1519 -14.346 
21.427 -14.2926 
21.7071 -14.2381 
22.043 -14.1714 
22.5199 -14.0702 
22.9014 -13.9947 
23.2943 -13.9102 
23.7875 -13.8101 
24.1255 -13.7412 
24.4353 -13.6789 
24.8032 -13.6066 
25.0467 -13.5656 
25.2791 -13.5187 
25.5968 -13.4554 
25.8535 -13.4053 
26.1334 -13.3508 
26.5031 -13.2785 
26.7474 -13.2374 
26.9635 -13.1984 
27.2379 -13.1518 
27.4522 -13.1173 
27.6896 -13.0773 
28.046 -13.0173 
28.3422 -12.9716 
28.6597 -12.9193 
29.0983 -12.8527 
29.4148 -12.8048 
29.7063 -12.7614 
29.969 -12.727 
30.2789 -12.6848 
30.5019 -12.6547 
30.7396 -12.6237 
31.1072 -12.578 
31.4257 -12.5402 
31.7598 -12.5035 
32.2319 -12.4524 
32.6027 -12.4135 
32.9627 -12.3745 
33.4 -12.3312 
33.7014 -12.3034 
33.9677 -12.2745 
34.2864 -12.2445 
34.4977 -12.2244 
34.6898 -12.2077 
34.938 -12.1889 
35.1444 -12.171 
35.3869 -12.1533 
35.7586 -12.1244 
36.0414 -12.1044 
36.3224 -12.0777 
36.6005 -12.061 
36.9661 -12.0387 
37.2384 -12.0176 
37.5116 -12.002 
37.8814 -11.9798 
38.1624 -11.9676 
38.4482 -11.9542 
38.8411 -11.9387 
39.152 -11.9242 
39.4753 -11.9142 
39.9233 -11.8964 
40.2525 -11.8864 
40.5575 -11.8764 
40.9253 -11.8708 
41.1822 -11.8675 
41.4198 -11.8642 
41.6407 -11.8619 
41.8937 -11.8619 
42.078 -11.8619 
42.274 -11.8619 
42.5684 -11.8619 
42.8233 -11.8619 
43.1246 -11.863 
43.4643 -11.8663 
43.9837 -11.8763 
44.37 -11.8864 
44.731 -11.8986 
45.1771 -11.9131 
45.4801 -11.9231 
45.7678 -11.9286 
46.0343 -11.9386 
46.3597 -11.9475 
46.5885 -11.9553 
46.8027 -11.962 
47.0103 -11.9697 
47.3027 -11.9831 
47.5529 -11.9942 
47.8281 -12.0065 
48.2479 -12.0276 
48.6061 -12.0465 
48.9932 -12.0676 
49.5551 -12.0954 
49.9866 -12.1187 
50.3901 -12.1443 
50.7619 -12.1643 
51.2166 -12.1943 
51.5265 -12.2155 
51.8103 -12.2355 
52.1443 -12.2599 
52.3731 -12.28 
52.6068 -12.2978 
52.8568 -12.3144 
53.2372 -12.3411 
53.5529 -12.3678 
53.8782 -12.3945 
54.3406 -12.4367 
54.6998 -12.4712 
55.059 -12.5057 
55.5291 -12.5568 
55.8582 -12.5957 
56.1682 -12.6313 
56.4578 -12.6647 
56.8275 -12.7069 
57.0949 -12.7392 
57.3585 -12.7725 
57.7312 -12.8214 
58.0352 -12.8637 
58.3654 -12.9082 
58.8442 -12.976 
59.2266 -13.0316 
59.6224 -13.0916 
60.0279 -13.1539 
60.5646 -13.2395 
60.9536 -13.304 
61.3398 -13.3707 
61.8438 -13.4574 
62.2154 -13.523 
62.5756 -13.5898 
63.0429 -13.6776 
63.3864 -13.741 
63.7244 -13.811 
64.0526 -13.8755 
64.4736 -13.9589 
64.767 -14.0178 
65.0422 -14.069 
65.3028 -14.1257 
65.6282 -14.1868 
65.8551 -14.2313 
66.0742 -14.2769 
66.3599 -14.3314 
66.5743 -14.3714 
66.7953 -14.4126 
67.0193 -14.4548 
67.3196 -14.5115 
67.5531 -14.5582 
67.8042 -14.6049 
68.1652 -14.6705 
68.4645 -14.7228 
68.788 -14.7784 
69.1123 -14.8273 
69.5439 -14.8896 
69.8566 -14.934 
70.1675 -14.9729 
70.573 -15.0219 
70.8664 -15.0519 
71.1609 -15.0763 
71.549 -15.1053 
71.8454 -15.1219 
72.1408 -15.1353 
72.523 -15.1453 
72.8108 -15.1475 
73.0956 -15.1475 
73.4701 -15.1286 
73.7492 -15.103 
74.0234 -15.073 
74.287 -15.033 
74.6161 -14.9751 
74.8487 -14.9284 
75.0776 -14.8684 
75.3864 -14.7805 
75.6231 -14.7038 
75.8654 -14.616 
76.2032 -14.4859 
76.4697 -14.3725 
76.7467 -14.2413 
77.102 -14.0533 
77.3482 -13.9099 
77.5799 -13.7631 
77.884 -13.5596 
78.1175 -13.3928 
78.3503 -13.2149 
78.6631 -12.9536 
78.8918 -12.7379 
79.1178 -12.5033 
79.4267 -12.1586 
79.6593 -11.8751 
79.893 -11.5637 
80.116 -11.2279 
80.3815 -10.7698 
80.5678 -10.424 
80.7319 -10.0704 
80.9327 -9.5856 
81.06 -9.21421 
81.1721 -8.8395 
81.2976 -8.3458 
81.3623 -7.98999 
81.4115 -7.65418 
81.4434 -7.32728 
81.4713 -6.89029 
81.4791 -6.5545 
81.4791 -6.21425 
81.4732 -5.77281 
81.4626 -5.45257 
81.455 -5.13457 
81.4414 -4.80877 
81.4183 -4.36956 
81.397 -4.04043 
81.3709 -3.70686 
81.341 -3.37106 
81.3014 -2.91628 
81.2724 -2.57492 
81.2386 -2.22466 
81.2059 -1.85995 
81.1518 -1.35069 
81.1112 -0.962631 
81.0697 -0.571234 
81.0321 -0.173166 
80.9722 0.34499 
80.9336 0.718597 
80.8921 1.08664 
80.8573 1.44468 
80.8215 1.79382 
80.7771 2.2486 
80.7425 2.57773 
80.7115 2.9013 
80.6816 3.21375 
80.6401 3.62072 
80.6121 3.91871 
80.5841 4.2067 
80.557 4.48913 
80.5252 4.85273 
80.5049 5.12181 
80.4808 5.38311 
80.4605 5.63219 
80.4441 5.86903 
80.4228 6.17369 
80.4083 6.39941 
80.3929 6.62847 
80.3784 6.86531 
80.363 7.19777 
80.3514 7.45797 
80.3398 7.73149 
80.3224 8.00948 
80.3137 8.27968 
80.2992 8.6277 
80.2896 8.88678 
80.279 9.13919 
80.2703 9.38382 
80.2548 9.69627 
80.2452 9.91976 
80.2327 10.1377 
80.2201 10.3479 
80.2065 10.6336 
80.1931 10.8638 
80.1795 11.1218 
80.1592 11.4231 
80.1351 11.8812 
80.1138 12.227 
80.0936 12.5639 
80.0762 12.8908 
80.0541 13.3122 
80.0385 13.6236 
80.0211 13.9405 
80.0096 14.2607 
79.997 14.5832 
79.9797 15.0246 
79.9642 15.3582 
79.9536 15.7051 
79.942 16.0587 
79.9246 16.5101 
79.9111 16.8315 
79.8995 17.1428 
79.884 17.4441 
79.8619 17.8244 
79.8502 18.0946 
79.8358 18.3637 
79.8203 18.6306 
79.7943 18.9997 
79.7701 19.2922 
79.747 19.6002 
79.717 19.9293 
79.6727 20.3985 
79.6253 20.7766 
79.5731 21.1669 
79.5143 21.5694 
79.4168 22.1242 
79.327 22.5534 
79.2266 22.9682 
79.1175 23.3729 
78.9505 23.8866 
78.8192 24.258 
78.6763 24.6138 
78.5208 24.9574 
78.294 25.3855 
78.1183 25.6779 
77.9387 25.9459 
77.7563 26.1928 
77.5168 26.4852 
77.3373 26.6875 
77.1577 26.8732 
76.981 27.0434 
76.7455 27.2569 
76.5678 27.4103 
76.3892 27.5615 
76.2019 27.7083 
75.9297 27.9196 
75.7019 28.0808 
75.4518 28.2554 
75.1853 28.4221 
74.8147 28.6356 
74.5241 28.7791 
74.219 28.9014 
73.9111 29.0337 
73.5036 29.2116 
73.2005 29.3328 
72.9176 29.464 
72.6415 29.5774 
72.2612 29.7353 
71.9484 29.871 
71.595 30.0222 
71.2002 30.2045 
70.6123 30.4714 
70.1614 30.6637 
69.7279 30.8628 
69.3118 31.0396 
68.7905 31.2508 
68.4198 31.4065 
68.0646 31.5499 
67.5712 31.7467 
67.159 31.9024 
66.7207 32.0525 
66.1656 32.2204 
65.7515 32.335 
65.3131 32.4494 
64.8565 32.5618 
64.2754 32.6785 
63.8458 32.7552 
63.3949 32.813 
62.7481 32.8864 
62.2133 32.9253 
61.6301 32.9431 
60.7806 32.9598 
60.1222 32.9609 
59.485 32.962 
58.8711 32.9687 
58.2774 32.9709 
57.5176 32.9787 
56.9682 32.9842 
56.4362 32.9887 
55.9218 32.9965 
55.2576 33.0031 
54.7788 33.0076 
54.3154 33.0154 
53.8703 33.0198 
53.4349 33.0265 
52.8788 33.032 
52.4792 33.0409 
52.0939 33.0487 
51.7184 33.0565 
51.2414 33.0653 
50.8978 33.0732 
50.5695 33.0798 
50.25 33.0876 
49.9449 33.0943 
49.5607 33.101 
49.2885 33.1077 
49.0336 33.1143 
48.7912 33.1243 
48.4668 33.1365 
48.2178 33.1443 
47.964 33.1544 
47.7042 33.1665 
47.3509 33.1798 
47.0835 33.1932 
46.8045 33.2032 
46.5207 33.2144 
46.1364 33.2288 
45.8623 33.24 
45.6036 33.25 
45.3584 33.2578 
45.0495 33.2689 
44.8293 33.2755 
44.6247 33.2778 
44.4161 33.2855 
44.1159 33.2966 
43.8687 33.3022 
43.5975 33.3078 
43.2943 33.3156 
42.8474 33.3256 
42.4872 33.3278 
42.1195 33.3334 
41.741 33.34 
41.2225 33.3377 
40.8373 33.3444 
40.4676 33.3444 
40.1114 33.3422 
39.6538 33.3356 
39.3304 33.3356 
39.0195 33.33 
38.7231 33.3277 
38.4297 33.3255 
38.0415 33.3166 
37.7684 33.3077 
37.5058 33.2988 
37.2489 33.2921 
36.9014 33.2821 
36.6243 33.2699 
36.3328 33.2577 
36.0355 33.2433 
35.6262 33.2244 
35.3142 33.2031 
34.9899 33.1798 
34.6646 33.1665 
34.2292 33.1354 
33.9059 33.1143 
33.6055 33.0887 
33.3159 33.0652 
33.0427 33.0386 
32.6942 32.9975 
32.4307 32.9763 
32.1787 32.9563 
31.9315 32.9296 
31.5927 32.8974 
31.3272 32.8696 
31.0501 32.8385 
30.7556 32.7984 
30.4449 32.7629 
30.0355 32.7218 
29.7189 32.6806 
29.3993 32.6405 
29.0817 32.5994 
28.6714 32.5471 
28.3692 32.5049 
28.0593 32.4692 
27.76 32.4348 
27.3633 32.3803 
27.0631 32.3381 
26.7609 32.297 
26.4509 32.2535 
26.1372 32.209 
25.7143 32.149 
25.392 32.1035 
25.0724 32.059 
24.7644 32.0145 
24.3831 31.9579 
24.1167 31.9156 
23.858 31.879 
23.6165 31.841 
23.3848 31.8064 
23.0827 31.7632 
22.8626 31.7288 
22.6483 31.6976 
22.4301 31.6642 
22.1203 31.621 
21.8722 31.5821 
21.6028 31.5453 
21.314 31.5018 
20.9231 31.443 
20.6258 31.3974 
20.3245 31.3539 
20.0243 31.3107 
19.6131 31.2473 
19.3052 31.2029 
18.9942 31.155 
18.6825 31.1061 
18.2644 31.0426 
17.9448 30.9926 
17.6253 30.9448 
17.3019 30.8893 
16.8665 30.8193 
16.5402 30.7624 
16.2052 30.7057 
15.8711 30.6479 
15.4213 30.5689 
15.0844 30.5091 
14.7397 30.4534 
14.3941 30.3944 
13.9337 30.3134 
13.5831 30.2531 
13.2356 30.192 
12.8871 30.1242 
12.4256 30.0307 
12.0753 29.9631 
11.7287 29.8919 
11.3782 29.824 
10.9128 29.725 
10.5615 29.6473 
10.21 29.5681 
9.85578 29.4894 
9.38563 29.3782 
9.03803 29.2979 
8.68762 29.2102 
8.34106 29.128 
7.87474 29.0178 
7.53109 28.9345 
7.19124 28.8465 
6.74428 28.7365 
6.40929 28.652 
6.08008 28.5653 
5.75766 28.4764 
5.33093 28.3573 
5.01619 28.2738 
4.70152 28.1896 
4.39354 28.1039 
3.98902 27.987 
3.69362 27.8937 
3.40301 27.8057 
3.01202 27.6833 
2.71857 27.5913 
2.41833 27.4923 
2.11037 27.3878 
1.68558 27.2408 
1.35253 27.1198 
1.0185 26.9931 
0.680604 26.8573 
0.23073 26.6739 
-0.100401 26.5259 
-0.431531 26.3735 
-0.758809 26.2071 
-1.1971 25.9768 
-1.52146 25.7876 
-1.84004 25.5896 
-2.15671 25.3875 
-2.56409 25.0926 
-2.87012 24.8569 
-3.16748 24.6091 
-3.45898 24.3463 
-3.81431 23.9731 
-4.05855 23.7007 
-4.26607 23.4325 
-4.44854 23.1812 
-4.6513 22.8656 
-4.78452 22.6421 
-4.90616 22.4141 
-5.01039 22.1816 
-5.13592 21.8615 
-5.20927 21.6112 
-5.26815 21.3466 
-5.3058 21.0752 
-5.33961 20.7073 
-5.34544 20.4361 
-5.3251 20.1957 
-5.30198 19.9957 
-5.26818 19.79 
-5.24398 19.6685 
-5.21996 19.5644 
-5.19283 19.4629 
-5.18232 19.4221 
-5.18033 19.4053 
-5.19092 19.4085 
