14.62 -15.072 
14.648 -15.0609 
14.7097 -15.0475 
14.7833 -15.0322 
14.8664 -15.0144 
14.9859 -14.9886 
15.0805 -14.9686 
15.181 -14.9476 
15.2823 -14.9253 
15.3932 -14.903 
15.4514 -14.8921 
15.487 -14.882 
15.4985 -14.8785 
15.4987 -14.8898 
15.5006 -14.9054 
15.5024 -14.9175 
15.568 -14.9086 
15.6551 -14.8921 
15.7312 -14.8742 
15.7901 -14.863 
15.8105 -14.8598 
15.8373 -14.854 
15.9165 -14.8385 
16.0181 -14.8176 
16.1115 -14.7974 
16.1732 -14.784 
16.2187 -14.7729 
16.2293 -14.7707 
16.2593 -14.763 
16.3201 -14.7496 
16.4118 -14.7285 
16.5751 -14.6897 
16.7275 -14.6528 
16.9013 -14.6117 
17.0972 -14.5706 
17.3733 -14.5139 
17.5587 -14.4761 
17.7092 -14.4471 
17.8327 -14.4237 
17.9736 -14.3981 
18.0703 -14.3815 
18.1679 -14.3627 
18.2983 -14.3361 
18.4016 -14.316 
18.5153 -14.2925 
18.639 -14.2682 
18.7867 -14.2381 
18.8725 -14.2236 
18.9392 -14.2126 
18.9942 -14.2036 
19.0117 -14.2015 
19.0416 -14.2004 
19.0937 -14.1936 
19.1758 -14.1826 
19.3197 -14.1659 
19.3968 -14.1591 
19.4364 -14.1592 
19.4548 -14.1603 
19.4866 -14.1592 
19.535 -14.1581 
19.6121 -14.1569 
19.7069 -14.1548 
19.7908 -14.1548 
19.8169 -14.1559 
19.839 -14.1581 
19.8756 -14.1602 
19.9877 -14.1647 
20.1268 -14.1771 
20.3025 -14.1993 
20.4703 -14.2236 
20.652 -14.2638 
20.7552 -14.2937 
20.8303 -14.3181 
20.874 -14.335 
20.9058 -14.3493 
20.9375 -14.3615 
20.9975 -14.3816 
21.0997 -14.4171 
21.3171 -14.4962 
21.544 -14.5818 
21.7882 -14.6851 
22.0036 -14.7898 
22.2632 -14.9232 
22.4312 -15.0121 
22.5718 -15.0841 
22.7323 -15.1632 
22.8521 -15.2233 
22.9814 -15.2867 
23.1298 -15.3621 
23.3744 -15.4825 
23.5965 -15.5981 
23.8522 -15.7292 
24.1293 -15.8705 
24.4817 -16.0628 
24.7084 -16.2017 
24.9034 -16.3296 
25.0697 -16.4531 
25.2037 -16.5564 
25.3293 -16.6632 
25.3912 -16.7167 
25.4277 -16.7422 
25.4364 -16.7489 
25.4403 -16.76 
25.4701 -16.7899 
25.5291 -16.8478 
25.6487 -16.9645 
25.7366 -17.059 
25.7983 -17.1313 
25.8371 -17.1803 
25.8612 -17.2136 
25.8711 -17.226 
25.8786 -17.2392 
25.9056 -17.277 
25.9483 -17.3361 
26.0049 -17.4137 
26.0494 -17.4816 
26.0755 -17.5283 
26.0861 -17.5483 
26.1035 -17.575 
26.1296 -17.6228 
26.1914 -17.7296 
26.2435 -17.8252 
26.2784 -17.8975 
26.3015 -17.9486 
26.3313 -18.0242 
26.3651 -18.1098 
26.4087 -18.2189 
26.4376 -18.3123 
26.4597 -18.4022 
26.4693 -18.4522 
26.479 -18.4934 
26.4878 -18.5379 
26.5042 -18.6302 
26.5264 -18.7525 
26.5516 -18.8983 
26.5775 -19.045 
26.6133 -19.2318 
26.6383 -19.3496 
26.6624 -19.4563 
26.6922 -19.5908 
26.7184 -19.7076 
26.7436 -19.8222 
26.7736 -19.9668 
26.7948 -20.0713 
26.8169 -20.1835 
26.8382 -20.3015 
26.8526 -20.3837 
