56.8083 -12.5101 
56.8256 -12.5179 
56.8719 -12.5223 
56.9724 -12.5335 
57.2078 -12.5579 
57.4734 -12.5846 
57.821 -12.6191 
58.2573 -12.6636 
58.9466 -12.7347 
59.4728 -12.7881 
59.9718 -12.8392 
60.6024 -12.9093 
61.0792 -12.9593 
61.5802 -13.0138 
62.3004 -13.0961 
62.8922 -13.1628 
63.5304 -13.2373 
64.4195 -13.3462 
65.0895 -13.433 
65.7556 -13.5241 
66.4255 -13.6086 
67.3099 -13.7343 
67.9452 -13.8288 
68.565 -13.9155 
69.372 -14.0367 
69.9494 -14.1279 
70.5015 -14.209 
71.0219 -14.2902 
71.6784 -14.3814 
72.1138 -14.4481 
72.4738 -14.5048 