    54.1125     27             -4.91018               -4.6
    54.1125     26.2             -5.29148               -4.9
    54.2812     25.5             -5.82172               -5.3
    54.1687     24.7             -6.23578               -5.6
    53.8875     24             -6.8097               -6
    53.55     23.2             -7.40858               -6.4
    52.65     22.4             -7.87412               -6.7
    50.7937     21.6             -8.3537               -7
    48.9375     20.9             -8.68122               -7.2
    49.2188     20.2             -8.68122               -7.2
    48.2062     19.5             -8.51668               -7.1
    46.6875     18.9             -8.19228               -6.9
    45.7312     18.2             -8.03242               -6.8
    44.1     17.6             -7.5622               -6.5
    42.9188     17             -7.25652               -6.3
    40.95     16.3             -6.95708               -6.1
    39.6     15.8             -6.66388               -5.9
    37.8     15.2             -6.23578               -5.6
    36.7875     14.6             -5.95818               -5.4
    35.55     14.1             -5.68682               -5.2
    34.65     13.6             -5.29148               -4.9
    33.1312     13             -5.16282               -4.8
    32.1187     12.6             -4.7862               -4.5
    30.2625     12.1             -4.54292               -4.3
    29.5312     11.7             -4.30588               -4.1
    28.5187     11.3             -4.1897               -4
    27.7312     10.9             -3.96202               -3.8
    26.7188     10.5             -3.85052               -3.7
    26.0437     10             -3.74058               -3.6
    25.2562     9.7             -3.6322               -3.5
    24.4688     9.3             -3.6322               -3.5
    23.9062     8.9             -3.6322               -3.5
    23.2875     8.6             -3.52538               -3.4
    22.6125     8.2             -3.52538               -3.4
    21.9937     7.9             -3.42012               -3.3
    21.3188     7.6             -3.42012               -3.3
    20.8687     7.3             -3.31642               -3.2
    20.0812     7             -3.31642               -3.2
    19.7437     6.7             -3.31642               -3.2
    19.0688     6.4             -3.21428               -3.1
    18.45     6.1             -3.21428               -3.1
    17.775     5.9             -3.1137               -3
    17.325     5.6             -3.1137               -3
    16.5375     5.4             -3.01468               -2.9
    16.1437     5.1             -2.91722               -2.8
    15.4125     4.9             -2.82132               -2.7
    15.0187     4.7             -2.72698               -2.6
    14.4     4.5             -2.6342               -2.5
    13.95     4.3             -2.54298               -2.4
    13.275     4.1             -2.45332               -2.3
    12.825     3.9             -2.45332               -2.3
    12.2062     3.7             -2.36522               -2.2
    11.8125     3.6             -2.27868               -2.1
    11.1937     3.4             -2.1937               -2
    10.8     3.2             -2.11028               -1.9
    10.2375     3             -2.11028               -1.9
    9.9     2.9             -1.94812               -1.7
    9.39375     2.7             -1.94812               -1.7
    9.05625     2.6             -1.86938               -1.6
