
    49.8937     25.3             -3.31642               -3.2
    49.725     24.6             -3.6322               -3.5
    49.3875     23.9             -3.85052               -3.7
    49.1625     23.2             -4.1897               -4
    49.1062     22.5             -4.42362               -4.2
    48.825     21.8             -4.7862               -4.5
    48.4875     21.1             -5.03572               -4.7
    47.7     20.5             -5.29148               -4.9
    47.1937     19.8             -5.68682               -5.2
    46.35     19.1             -5.95818               -5.4
    45.675     18.5             -6.0962               -5.5
    44.6062     17.9             -6.23578               -5.6
    43.875     17.3             -6.23578               -5.6
    42.6937     16.5             -6.37692               -5.7
    41.9062     15.8             -6.37692               -5.7
    40.5     15.2             -6.37692               -5.7
    39.6562     14.7             -6.23578               -5.6
    38.5312     14.1             -6.23578               -5.6
    37.6875     13.5             -6.0962               -5.5
    36.3937     13             -6.0962               -5.5
    35.6063     12.5             -5.95818               -5.4
    34.4813     12             -5.82172               -5.3
    33.75     11.5             -5.68682               -5.2
    32.5125     11             -5.55348               -5.1
    31.6125     10.5             -5.55348               -5.1
    30.2625     10.1             -5.4217               -5
    29.475     9.6             -5.29148               -4.9
    28.4062     9.2             -5.16282               -4.8
    27.7312     8.8             -5.03572               -4.7
    26.55     8.4             -4.91018               -4.6
    25.875     8             -4.7862               -4.5
    24.5812     7.7             -4.66378               -4.4
    23.85     7.3             -4.54292               -4.3
    22.7812     7             -4.30588               -4.1
    21.9937     6.6             -4.30588               -4.1
    20.9812     6.4             -4.07508               -3.9
    20.25     6.1             -3.96202               -3.8
    19.2375     5.8             -3.74058               -3.6
    18.5625     5.5             -3.6322               -3.5
    17.6062     5.2             -3.52538               -3.4
    16.9875     5             -3.42012               -3.3
    16.0875     4.7             -3.31642               -3.2
    15.4688     4.5             -3.1137               -3
    14.625     4.3             -3.01468               -2.9
    14.0625     4.1             -2.91722               -2.8
    13.275     3.9             -2.82132               -2.7
    12.6562     3.7             -2.72698               -2.6
    11.9812     3.5             -2.6342               -2.5
    11.475     3.4             -2.54298               -2.4
    10.7437     3.2             -2.54298               -2.4
    10.2937     3.1             -2.45332               -2.3
    9.61875     2.9             -2.36522               -2.2
    9.225     2.8             -2.27868               -2.1
    8.55     2.6             -2.1937               -2
