    27.5062     13.6             -2.6342               -2.5
    27.3937     13.3             -2.72698               -2.6
    27.3375     12.9             -2.82132               -2.7
    27.225     12.5             -3.01468               -2.9
    27.1687     12.1             -3.21428               -3.1
    27     11.7             -3.31642               -3.2
    26.7188     11.3             -3.52538               -3.4
    26.2687     10.9             -3.6322               -3.5
    25.9312     10.5             -3.85052               -3.7
    25.2562     10.2             -3.85052               -3.7
    24.8062     9.8             -3.85052               -3.7
    23.85     9.5             -3.74058               -3.6
    23.4     9.1             -3.74058               -3.6
    22.5562     8.8             -3.6322               -3.5
    22.05     8.4             -3.52538               -3.4
    21.375     8.1             -3.42012               -3.3
    20.7     7.8             -3.31642               -3.2
    19.9125     7.5             -3.21428               -3.1
    19.4625     7.2             -3.1137               -3
    18.7875     7             -3.01468               -2.9
    18.2812     6.7             -2.91722               -2.8
    17.6062     6.4             -2.91722               -2.8
    17.2125     6.2             -2.82132               -2.7
    16.5375     6             -2.72698               -2.6
    16.1437     5.7             -2.6342               -2.5
    15.5812     5.5             -2.6342               -2.5
    15.1875     5.3             -2.54298               -2.4
    14.4562     5.1             -2.45332               -2.3
    14.0625     4.9             -2.36522               -2.2
    13.5562     4.7             -2.36522               -2.2
    13.1625     4.5             -2.27868               -2.1
    12.5437     4.3             -2.1937               -2
    12.2062     4.1             -2.1937               -2
    11.5875     3.9             -2.11028               -1.9
    11.25     3.8             -2.02842               -1.8
    10.8     3.6             -1.94812               -1.7
    10.4062     3.5             -1.86938               -1.6
    9.95625     3.3             -1.86938               -1.6
    9.5625     3.2             -1.7922               -1.5
    9.1125     3             -1.71658               -1.4
    8.775     2.9             -1.71658               -1.4
    8.325     2.8             -1.64252               -1.3
    8.04375     2.7             -1.57002               -1.2
    7.65     2.6             -1.49908               -1.1
