    35.3812     17.9             -3.21428               -3.1
    35.1562     17.4             -3.31642               -3.2
    35.0438     16.9             -3.52538               -3.4
    34.8187     16.4             -3.6322               -3.5
    34.5938     15.9             -3.85052               -3.7
    34.2     15.4             -3.96202               -3.8
    33.8062     14.9             -4.1897               -4
    33.2437     14.5             -4.30588               -4.1
    32.9062     14             -4.42362               -4.2
    32.1187     13.5             -4.54292               -4.3
    31.3312     13.1             -4.66378               -4.4
    30.7687     12.6             -4.66378               -4.4
    30.15     12.2             -4.54292               -4.3
    29.3062     11.8             -4.42362               -4.2
    28.575     11.4             -4.42362               -4.2
    27.675     11             -4.30588               -4.1
    27.1125     10.6             -4.1897               -4
    26.2687     10.2             -4.07508               -3.9
    25.65     9.8             -3.96202               -3.8
    24.6937     9.4             -3.85052               -3.7
    24.2437     9             -3.85052               -3.7
    23.4     8.7             -3.74058               -3.6
    22.8937     8.4             -3.6322               -3.5
    22.1625     8             -3.52538               -3.4
    21.6     7.7             -3.52538               -3.4
    20.8125     7.4             -3.42012               -3.3
    20.3062     7.1             -3.31642               -3.2
    19.4625     6.8             -3.21428               -3.1
    18.9562     6.5             -3.21428               -3.1
    18.1687     6.2             -3.1137               -3
    17.7188     6             -3.01468               -2.9
    17.0437     5.7             -2.91722               -2.8
    16.4812     5.5             -2.82132               -2.7
    15.75     5.2             -2.72698               -2.6
    15.3     5             -2.6342               -2.5
    14.5687     4.8             -2.54298               -2.4
    14.175     4.6             -2.54298               -2.4
    13.3875     4.4             -2.45332               -2.3
    12.9937     4.2             -2.36522               -2.2
    12.4312     4             -2.27868               -2.1
    12.0375     3.9             -2.1937               -2
    11.4187     3.7             -2.11028               -1.9
    11.025     3.5             -2.02842               -1.8
    10.4625     3.4             -1.94812               -1.7
    10.1812     3.2             -1.86938               -1.6
    9.61875     3.1             -1.7922               -1.5
    9.225     2.9             -1.71658               -1.4
    8.775     2.8             -1.71658               -1.4
    8.49375     2.7             -1.64252               -1.3
    7.93125     2.6             -1.64252               -1.3
