    46.8     23.6             -4.30588               -4.1
    46.5187     22.9             -4.54292               -4.3
    46.2937     22.3             -4.7862               -4.5
    46.0687     21.6             -5.03572               -4.7
    45.7875     21             -5.29148               -4.9
    45.3937     20.3             -5.68682               -5.2
    44.55     19.7             -5.95818               -5.4
    43.7625     19             -6.23578               -5.6
    43.0875     18.4             -6.51962               -5.8
    41.7938     17.8             -6.51962               -5.8
    40.8937     17.2             -6.51962               -5.8
    39.8812     16.7             -6.37692               -5.7
    38.8125     16             -6.23578               -5.6
    37.4625     15.5             -6.0962               -5.5
    36.7313     14.9             -5.95818               -5.4
    35.4375     14.4             -5.68682               -5.2
    34.7625     14             -5.4217               -5
    33.4125     13.4             -5.29148               -4.9
    32.7375     13             -5.03572               -4.7
    31.725     12.5             -4.91018               -4.6
    31.1062     12.1             -4.7862               -4.5
    30.0375     11.6             -4.66378               -4.4
    29.3062     11.1             -4.66378               -4.4
    28.2937     10.7             -4.42362               -4.2
    27.6187     10.3             -4.30588               -4.1
    26.55     9.9             -4.1897               -4
    25.9875     9.5             -4.07508               -3.9
    24.975     9.1             -3.96202               -3.8
    24.3     8.8             -3.85052               -3.7
    23.3438     8.4             -3.74058               -3.6
    22.6687     8.1             -3.6322               -3.5
    21.825     7.8             -3.52538               -3.4
    21.15     7.5             -3.31642               -3.2
    20.25     7.1             -3.21428               -3.1
    19.6875     6.9             -3.1137               -3
    18.7875     6.6             -3.01468               -2.9
    18.225     6.3             -2.91722               -2.8
    17.4375     6             -2.82132               -2.7
    16.9312     5.8             -2.6342               -2.5
    16.2     5.5             -2.6342               -2.5
    15.75     5.3             -2.54298               -2.4
    14.9625     5.1             -2.54298               -2.4
    14.5687     4.9             -2.45332               -2.3
    13.7812     4.7             -2.36522               -2.2
    13.4437     4.5             -2.36522               -2.2
    12.7687     4.3             -2.27868               -2.1
    12.375     4.1             -2.1937               -2
    11.7     3.9             -2.1937               -2
    11.3625     3.7             -2.11028               -1.9
    10.8     3.6             -2.02842               -1.8
    10.4062     3.5             -1.94812               -1.7
    9.84375     3.4             -1.86938               -1.6
    9.50625     3.3             -1.7922               -1.5
    9.05625     3.1             -1.71658               -1.4
    8.71875     3             -1.64252               -1.3
    8.15625     2.9             -1.57002               -1.2
    7.93125     2.8             -1.49908               -1.1
    7.425     2.6             -1.49908               -1.1
