    57.825     28             -4.54292               -4.3
    57.6     27.2             -4.91018               -4.6
    57.375     26.1             -5.4217               -5
    57.2062     25.3             -5.95818               -5.4
    57.2062     24.4             -6.37692               -5.7
    56.8687     23.5             -6.95708               -6.1
    56.5312     22.6             -7.40858               -6.4
    55.7437     21.9             -7.87412               -6.7
    54.675     21.1             -8.19228               -6.9
    52.875     20.4             -8.3537               -7
    51.5812     19.6             -8.51668               -7.1
    48.9375     18.8             -8.68122               -7.2
    50.85     18.2             -8.51668               -7.1
    49.4437     17.4             -8.51668               -7.1
    48.4312     16.7             -8.51668               -7.1
    46.8     16             -8.3537               -7
    44.9437     15.4             -8.03242               -6.8
    43.7062     14.8             -7.5622               -6.5
    42.4688     14.2             -7.25652               -6.3
    40.6125     13.6             -7.10602               -6.2
    39.4875     13             -6.8097               -6
    37.8     12.5             -6.66388               -5.9
    36.675     11.9             -6.37692               -5.7
    35.1     11.4             -6.0962               -5.5
    34.0312     10.9             -5.95818               -5.4
    32.625     10.5             -5.68682               -5.2
    31.2188     10             -5.4217               -5
    29.5875     9.5             -5.29148               -4.9
    28.8     9.1             -5.03572               -4.7
    27.7312     8.7             -4.91018               -4.6
    26.4937     8.3             -4.7862               -4.5
    25.7625     7.9             -4.66378               -4.4
    24.9187     7.6             -4.54292               -4.3
    23.9625     7.2             -4.54292               -4.3
    22.95     6.9             -4.42362               -4.2
    22.3875     6.6             -4.30588               -4.1
    21.7125     6.2             -4.1897               -4
    20.7     5.9             -4.1897               -4
    20.1375     5.6             -4.07508               -3.9
    19.2375     5.4             -3.96202               -3.8
    18.5063     5.1             -3.85052               -3.7
    17.7188     4.8             -3.74058               -3.6
    17.1562     4.6             -3.6322               -3.5
    16.3125     4.4             -3.52538               -3.4
    15.75     4.2             -3.42012               -3.3
    14.9062     4.1             -3.31642               -3.2
    14.2875     3.9             -3.21428               -3.1
    13.5     3.7             -3.1137               -3
    12.9375     3.5             -3.01468               -2.9
    12.2625     3.3             -2.91722               -2.8
    11.7562     3.2             -2.72698               -2.6
    11.025     3             -2.72698               -2.6
    10.4625     2.9             -2.54298               -2.4
    9.9     2.7             -2.45332               -2.3
    9.45     2.6             -2.36522               -2.2
