    18     9.3             -1.7922               -1.5
    17.9438     9.1             -1.86938               -1.6
    17.8312     8.8             -1.94812               -1.7
    17.7188     8.5             -2.02842               -1.8
    17.7188     8.3             -2.02842               -1.8
    17.6062     8             -2.11028               -1.9
    17.2687     7.8             -2.1937               -2
    17.0437     7.5             -2.27868               -2.1
    16.65     7.3             -2.27868               -2.1
    16.3125     7.1             -2.36522               -2.2
    15.8062     6.9             -2.36522               -2.2
    15.525     6.6             -2.36522               -2.2
    14.9625     6.4             -2.27868               -2.1
    14.5125     6.2             -2.27868               -2.1
    14.0625     6             -2.1937               -2
    13.6687     5.8             -2.11028               -1.9
    13.1625     5.7             -2.02842               -1.8
    12.825     5.5             -1.94812               -1.7
    12.4312     5.3             -1.86938               -1.6
    12.0938     5.2             -1.7922               -1.5
    11.7     5             -1.7922               -1.5
    11.3625     4.8             -1.71658               -1.4
    11.025     4.7             -1.71658               -1.4
    10.7437     4.5             -1.71658               -1.4
    10.4625     4.4             -1.64252               -1.3
    10.1812     4.3             -1.57002               -1.2
    9.84375     4.1             -1.57002               -1.2
    9.675     4             -1.57002               -1.2
    9.28125     3.8             -1.57002               -1.2
    9.05625     3.7             -1.49908               -1.1
    8.71875     3.6             -1.49908               -1.1
    8.49375     3.4             -1.49908               -1.1
    8.15625     3.3             -1.4297               -1
    7.93125     3.2             -1.4297               -1
    7.5375     3             -1.4297               -1
    7.36875     2.9             -1.36188               -0.9
    7.03125     2.8             -1.36188               -0.9
    6.75     2.7             -1.29562               -0.8
    6.4125     2.6             -1.29562               -0.8
